sample_id,tissue_1,tissue_10,tissue_2,tissue_3,tissue_4,tissue_5,tissue_6,tissue_7,tissue_8,tissue_9
plasma_sample_1,0.119846300259628,0.0907941959105415,0.102144035253253,0.0870730130996194,0.100129589387464,0.110337576592861,0.11282933312254,0.0850692800625517,0.103580482616906,0.0881961936946319
plasma_sample_2,0.111625414940456,0.0917951710481646,0.102724543600539,0.0885916708576522,0.106913749843849,0.104046587980749,0.114234186461663,0.0860244897478318,0.103286331615444,0.0907578539036505
plasma_sample_3,0.114521827881373,0.0935731201451291,0.10533502876583,0.0930272218105043,0.097390790055462,0.105538337798584,0.104215738676626,0.0887553364046569,0.106950685515467,0.090691912946368
plasma_sample_4,0.107465223595539,0.09257754707515,0.101796716715993,0.092595197170213,0.100127853593959,0.106780880478859,0.116622300997547,0.0856087955148681,0.104322358191704,0.0921031266661672
plasma_sample_5,0.105858383435907,0.0916799002240168,0.096075302924974,0.0933617519770308,0.100327970379149,0.110989150828099,0.115834460487104,0.0865486659139365,0.10855289733027,0.0907715164995127
plasma_sample_6,0.118051624811831,0.0918297148619625,0.0996346176169776,0.0924910448349867,0.093738160593242,0.107028874698267,0.107196715956401,0.0893096224419401,0.108572353469537,0.0921472707148519
plasma_sample_7,0.105390693917542,0.0960245480895899,0.105927020911863,0.0897867567676442,0.0997717573176895,0.104640867276876,0.110935302564024,0.0892780946706008,0.106726159007866,0.0915187994763063
plasma_sample_8,0.106393973719286,0.0937939170526903,0.100791741058848,0.0905641102753775,0.0989903447096137,0.106055953104698,0.114342003366027,0.0887338150444228,0.105217332924249,0.0951168087447877
plasma_sample_9,0.10874269480081,0.0952205382691622,0.100253543980032,0.0949029816699107,0.101196166931293,0.107580083275292,0.113841494334726,0.0880949908267977,0.103544136685474,0.0866233692265027
plasma_sample_10,0.113604171745778,0.0902868937536755,0.106636535066013,0.0892683844177927,0.0999833295781324,0.105391581556569,0.108135889230678,0.0910890876387,0.10397535372152,0.0916287732911423
plasma_sample_11,0.113363074275448,0.094705224167,0.103188000408038,0.0899275912605573,0.0981037407139641,0.106512808638766,0.113001930475807,0.088172722079178,0.103469285349258,0.0895556226319853
plasma_sample_12,0.11354623358725,0.0945252538868062,0.103079851296115,0.0901151319523588,0.093392378487359,0.108688627391268,0.112627744996093,0.090054653507839,0.101324277722735,0.0926458471721743
plasma_sample_13,0.109563510031702,0.0914511381444598,0.104216902630454,0.0898937406850331,0.100494986096635,0.106968223272953,0.111145197926578,0.0871449547013073,0.103913768483044,0.0952075780278325
plasma_sample_14,0.11051391557759,0.0948268315281937,0.106071997940876,0.0867735404237988,0.101695010095837,0.104340360095958,0.113587114564415,0.0851403191474168,0.104904939296846,0.0921459713290663
plasma_sample_15,0.122351434574166,0.0878989729441572,0.0985628144389314,0.09230575750684,0.097757029373319,0.108327698699528,0.111037121589826,0.0835801541434091,0.103622504144524,0.0945565125852962
plasma_sample_16,0.110884138067644,0.0974204170254112,0.10510345868915,0.0920140938241154,0.0982328343046174,0.105181096583612,0.107144241225907,0.0871074546553269,0.106843345453431,0.0900689201707855
plasma_sample_17,0.11404590279826,0.0914256355666633,0.0993326685206631,0.0845649510470713,0.100429409880009,0.107159790896542,0.117660133374726,0.0862610039740729,0.108380554003571,0.0907399499384217
plasma_sample_18,0.108977615882609,0.0951490713441723,0.103217262331269,0.0876269823519907,0.0981502603098481,0.111007353755068,0.110946336614046,0.085694265365094,0.105587708352196,0.093643143693709
plasma_sample_19,0.11492555692802,0.0913933868830037,0.100035919576494,0.0920081069774461,0.100274784817564,0.104050767094778,0.108471221018381,0.090076464498622,0.108795016774529,0.0899687754311624
plasma_sample_20,0.107245955281034,0.0958951819503125,0.09781679369061,0.0932241859907386,0.0982352739946949,0.110636725827602,0.110043343909876,0.0878395348726163,0.109477170325157,0.0895858341573622
plasma_sample_21,0.114464525365056,0.0885166118992625,0.104361353095373,0.0945525433201993,0.0982792875460777,0.109759887567335,0.116415330676853,0.0840771729908329,0.0998903078334775,0.0896829797055345
plasma_sample_22,0.109877280694056,0.0900062322250366,0.104902505782174,0.0881086719452518,0.097210686677294,0.111251012892747,0.112785402263716,0.0870457884334969,0.104337457117212,0.0944749619690156
plasma_sample_23,0.116643276597206,0.0949246181186878,0.103859832719863,0.0903752897350393,0.0954556370282182,0.109631616499642,0.108639786114531,0.0843255740146634,0.106025938301209,0.0901184308709406
plasma_sample_24,0.11574395989074,0.0944722435245447,0.104900330764332,0.0900826289785608,0.0990515269656252,0.105995497066916,0.107139912089689,0.0891126904291266,0.102832421923934,0.0906687883665326
plasma_sample_25,0.107469640696034,0.0914972914300794,0.105202657762143,0.0860175657863183,0.0977805451795505,0.10873386933545,0.112932506743596,0.0887572420663939,0.111066118578419,0.0905425624220145
plasma_sample_26,0.107091207343335,0.0924487755554592,0.0997561608898471,0.0926615821322764,0.0990870641691756,0.109391121375987,0.111721152220692,0.0890551930645544,0.10889120536481,0.0898965378838616
plasma_sample_27,0.112672588037715,0.0937822732850738,0.106071140626973,0.0868393149870779,0.0948264489320102,0.107465923673454,0.11247852482316,0.0876037546335044,0.104593324006409,0.0936667069946202
plasma_sample_28,0.113097830098432,0.0938467443910074,0.104868663141195,0.0884865504946581,0.100721736186689,0.104203028255074,0.110739534737038,0.088179791373426,0.10658384974767,0.0892722715748103
plasma_sample_29,0.109915081307405,0.0896648303596663,0.108627187970839,0.0930367449374018,0.0954770485172814,0.106554285926921,0.112262631936227,0.084602146481905,0.107172683393671,0.0926873591686846
plasma_sample_30,0.114626376010596,0.0922024486266561,0.104297032355006,0.0889005991602557,0.0960276335040489,0.106779782877258,0.119261806167173,0.0821624464608211,0.100880061609121,0.0948618132290633
