sample_id,cancer_status,cancer_type,train_or_test,cancer_type_1,cancer_type_2,cancer_type_3,ratio,pred_label
test_sample_21,cancer,cancer_type_1,test,0.735617889725453,0.13385511464061,0.130526995633936,5.49562780399184,cancer_type_1
test_sample_22,cancer,cancer_type_1,test,0.759883458134484,0.182767984899529,0.0573485569659871,4.15763985444281,cancer_type_1
test_sample_23,cancer,cancer_type_1,test,0.825905717692454,0.122893386386908,0.0512008959206384,6.7205058138136,cancer_type_1
test_sample_24,cancer,cancer_type_1,test,0.733156705677444,0.193866168150844,0.0729771261717123,3.7817671472569,cancer_type_1
test_sample_25,cancer,cancer_type_1,test,0.806955470974758,0.129697050361455,0.0633474786637867,6.22184906075996,cancer_type_1
test_sample_26,cancer,cancer_type_1,test,0.782380242124308,0.114288201656103,0.103331556219589,6.84567812588844,cancer_type_1
test_sample_27,cancer,cancer_type_1,test,0.774856502983995,0.152665269564399,0.0724782274516064,5.07552572497267,cancer_type_1
test_sample_28,cancer,cancer_type_1,test,0.749494778428043,0.179428121288956,0.0710771002830011,4.17713105974641,cancer_type_1
test_sample_29,cancer,cancer_type_1,test,0.754745222375535,0.19167912510136,0.0535756525231051,3.93754521769872,cancer_type_1
test_sample_30,cancer,cancer_type_1,test,0.679167257139967,0.274002341851929,0.0468304010081042,2.47869143215933,cancer_type_1
test_sample_31,cancer,cancer_type_1,test,0.721900968108908,0.241071172282864,0.0370278596082284,2.99455534758779,cancer_type_1
test_sample_32,cancer,cancer_type_1,test,0.720736354912473,0.232709097763278,0.046554547324249,3.09715589910299,cancer_type_1
test_sample_33,cancer,cancer_type_1,test,0.794801136102957,0.0975323094361087,0.107666554460934,7.38206158897137,cancer_type_1
test_sample_34,cancer,cancer_type_1,test,0.835197361012821,0.127650427892922,0.0371522110942561,6.5428481110413,cancer_type_1
test_sample_35,cancer,cancer_type_1,test,0.775214845502615,0.133669445220018,0.0911157092773664,5.7994917554017,cancer_type_1
test_sample_36,cancer,cancer_type_1,test,0.751351832453355,0.200878678945415,0.0477694886012299,3.74032643184357,cancer_type_1
test_sample_37,cancer,cancer_type_1,test,0.751295580473779,0.210076008123839,0.0386284114023819,3.57630358261041,cancer_type_1
test_sample_38,cancer,cancer_type_1,test,0.755321275551299,0.119852362524637,0.124826361924064,6.05097564255527,cancer_type_1
test_sample_39,cancer,cancer_type_1,test,0.713083495069292,0.258806240526898,0.0281102644038097,2.75527936891144,cancer_type_1
test_sample_40,cancer,cancer_type_1,test,0.776252256529109,0.134694203742557,0.0890535397283335,5.763070978264,cancer_type_1
test_sample_41,cancer,cancer_type_2,test,0.0586152441236923,0.931300254585911,0.0100845012903963,15.8883626351644,cancer_type_2
test_sample_42,cancer,cancer_type_2,test,0.0214147189012693,0.921107906329,0.0574773747697311,16.0255737152087,cancer_type_2
test_sample_43,cancer,cancer_type_2,test,0.0177494810501665,0.813182963162018,0.169067555787816,4.8098108437942,cancer_type_2
test_sample_44,cancer,cancer_type_2,test,0.0293068888418722,0.861735149068711,0.108957962089417,7.90887726370585,cancer_type_2
test_sample_45,cancer,cancer_type_2,test,0.0681729432046635,0.910417931720918,0.0214091250744182,13.3545346426915,cancer_type_2
test_sample_46,cancer,cancer_type_2,test,0.0879522207515443,0.90523908535521,0.00680869389324584,10.2923960034212,cancer_type_2
test_sample_47,cancer,cancer_type_2,test,0.0243269867166011,0.904125413980746,0.071547599302653,12.6366981253447,cancer_type_2
test_sample_48,cancer,cancer_type_2,test,0.0917021025936449,0.893379737977182,0.0149181594291731,9.74219470120518,cancer_type_2
test_sample_49,cancer,cancer_type_2,test,0.0553387001239963,0.912581680785451,0.0320796190905526,16.4908405643907,cancer_type_2
test_sample_50,cancer,cancer_type_2,test,0.0398991015981189,0.909967724278301,0.0501331741235798,18.1510095896822,cancer_type_2
test_sample_51,cancer,cancer_type_2,test,0.139384877814056,0.847281884538985,0.0133332376469589,6.07872172237572,cancer_type_2
test_sample_52,cancer,cancer_type_2,test,0.0282079359542377,0.940622253125002,0.0311698109207603,30.1773487018014,cancer_type_2
test_sample_53,cancer,cancer_type_2,test,0.0704286621368787,0.91707057822914,0.012500759633981,13.0212693299044,cancer_type_2
test_sample_54,cancer,cancer_type_2,test,0.0519276425975192,0.911483903797907,0.0365884536045735,17.5529613555277,cancer_type_2
test_sample_55,cancer,cancer_type_2,test,0.0377112780923375,0.935149647010863,0.0271390748967995,24.7976121286877,cancer_type_2
test_sample_56,cancer,cancer_type_2,test,0.01193745772063,0.882213464943403,0.105849077335967,8.33463538036555,cancer_type_2
test_sample_57,cancer,cancer_type_2,test,0.0606542274185389,0.917413457705559,0.0219323148759023,15.125301182637,cancer_type_2
test_sample_58,cancer,cancer_type_2,test,0.0749730293393061,0.911902209691235,0.0131247609694586,12.1630700763635,cancer_type_2
test_sample_59,cancer,cancer_type_2,test,0.0149803510483398,0.914563102650541,0.0704565463011193,12.9805270150747,cancer_type_2
test_sample_60,cancer,cancer_type_2,test,0.015292707768826,0.89873826585404,0.0859690263771344,10.4542101234391,cancer_type_2
test_sample_61,cancer,cancer_type_3,test,0.818865635668973,0.0092405177242994,0.171893846606728,4.76378678954365,cancer_type_1
test_sample_62,cancer,cancer_type_3,test,0.154781968403747,0.0883389703298357,0.756879061266418,4.88996921974858,cancer_type_3
test_sample_63,cancer,cancer_type_3,test,0.327978725588372,0.0217056074381713,0.650315666973457,1.98279832268643,cancer_type_3
test_sample_64,cancer,cancer_type_3,test,0.230339371680782,0.0191460777368723,0.750514550582346,3.25829902680491,cancer_type_3
test_sample_65,cancer,cancer_type_3,test,0.438910598409044,0.0458448724184514,0.515244529172505,1.1739168091182,cancer_type_3
test_sample_66,cancer,cancer_type_3,test,0.262207035209089,0.0303602136478505,0.70743275114306,2.69799302135025,cancer_type_3
test_sample_67,cancer,cancer_type_3,test,0.228318901937212,0.0361739405068128,0.735507157555975,3.22140283312259,cancer_type_3
test_sample_68,cancer,cancer_type_3,test,0.219230433485313,0.0288236761418292,0.751945890372857,3.42993387559593,cancer_type_3
test_sample_69,cancer,cancer_type_3,test,0.265165635683502,0.00913389596387814,0.72570046835262,2.73678173448843,cancer_type_3
test_sample_70,cancer,cancer_type_3,test,0.298499666889714,0.0178605256843356,0.683639807425951,2.29025316694418,cancer_type_3
test_sample_71,cancer,cancer_type_3,test,0.0522221280256168,0.0291788001983358,0.918599071776047,17.5902267200878,cancer_type_3
test_sample_72,cancer,cancer_type_3,test,0.628488530578846,0.0209137106930038,0.35059775872815,1.79261993247986,cancer_type_1
test_sample_73,cancer,cancer_type_3,test,0.0622359427922342,0.0996476482306714,0.838116408977094,8.41079969129791,cancer_type_3
test_sample_74,cancer,cancer_type_3,test,0.0530051196636015,0.0853984504562866,0.861596429880112,10.0891342322557,cancer_type_3
test_sample_75,cancer,cancer_type_3,test,0.686252156299548,0.0050960381880217,0.30865180551243,2.22338617187163,cancer_type_1
test_sample_76,cancer,cancer_type_3,test,0.0920123735550786,0.0211849149396595,0.886802711505262,9.6378636616131,cancer_type_3
test_sample_77,cancer,cancer_type_3,test,0.122839295787992,0.0336073489557428,0.843553355256265,6.86712952760776,cancer_type_3
test_sample_78,cancer,cancer_type_3,test,0.265227472904021,0.0174685864467171,0.717303940649262,2.70448582416964,cancer_type_3
test_sample_79,cancer,cancer_type_3,test,0.4756951595165,0.0429293964957908,0.481375443987709,1.01194101801873,cancer_type_3
test_sample_80,cancer,cancer_type_3,test,0.317290578372827,0.0316535376996848,0.651055883927488,2.05192315279679,cancer_type_3
