sample_id,race,train_or_test,race_1,race_2,race_3,race_4,ratio,pred.label
test_sample_1,race_1,test,0.776148298886795,0.180120241728909,0.000452618229809007,0.0432788411544867,4.30905650268304,race_1
test_sample_2,race_1,test,0.773669855733978,0.176470022155197,0.000549699360578011,0.0493104227502474,4.38414324589121,race_1
test_sample_3,race_1,test,0.772844207125266,0.194102966205647,0.000565898276522393,0.0324869283925646,3.98161976724487,race_1
test_sample_4,race_1,test,0.784288813757818,0.171516021086833,0.000269901978602249,0.0439252631767464,4.57268544820519,race_1
test_sample_5,race_1,test,0.773514378752026,0.189025613513431,0.000475073141995612,0.0369849345925472,4.09211410228838,race_1
test_sample_6,race_1,test,0.776142790690781,0.182501831215077,0.0004518863633254,0.0409034917308166,4.25279453648935,race_1
test_sample_7,race_1,test,0.777479051815573,0.186751274850783,0.000478399435458326,0.0352912738981848,4.16317935412644,race_1
test_sample_8,race_1,test,0.778678794683365,0.17902513026048,0.000408801085769641,0.0418872739703852,4.34955021985121,race_1
test_sample_9,race_1,test,0.768320717130782,0.204496890823125,0.000552910994957117,0.0266294810511361,3.75712664401986,race_1
test_sample_10,race_1,test,0.777635449834788,0.178761770175449,0.000414926629323999,0.0431878533604395,4.35012166791347,race_1
test_sample_11,race_1,test,0.771810098050707,0.200574582630839,0.000487990950817902,0.0271273283676367,3.84799553326873,race_1
test_sample_12,race_1,test,0.779939675442256,0.173991087153327,0.000335043444048346,0.0457341939603689,4.48264154332771,race_1
test_sample_13,race_1,test,0.77462713660689,0.187730477941237,0.000474182962971222,0.0371682024889027,4.12627264950214,race_1
test_sample_14,race_1,test,0.772333310622151,0.19939528504146,0.000504615159520266,0.0277667891768691,3.87337800119778,race_1
test_sample_15,race_1,test,0.78136249884386,0.18221059202527,0.000339706348537601,0.0360872027823321,4.28823862630057,race_1
test_sample_16,race_1,test,0.773505066726029,0.185961935003422,0.000491773397706552,0.0400412248728424,4.15948063087102,race_1
test_sample_17,race_1,test,0.77620094956727,0.178889824568207,0.000448106596647844,0.0444611192678755,4.33898882421521,race_1
test_sample_18,race_1,test,0.773068596675431,0.183349651388852,0.000564649989301884,0.0430171019464152,4.21636251184296,race_1
test_sample_19,race_1,test,0.774307201522364,0.180847175823824,0.000496208407681558,0.0443494142461313,4.28155539612447,race_1
test_sample_20,race_1,test,0.771283606444364,0.183379784380489,0.000576291735938881,0.0447603174392085,4.2059358344759,race_1
test_sample_21,race_2,test,0.00649084948505175,0.554770366599669,0.437891878348449,0.000846905566830719,1.26691175157676,race_2
test_sample_22,race_2,test,0.0790716178325804,0.105969381790839,0.0313508160386295,0.783608184337951,7.39466599781273,race_4
test_sample_23,race_2,test,0.0395990915556326,0.779128958080164,0.180610762197591,0.000661188166613161,4.31385676357307,race_2
test_sample_24,race_2,test,0.0314182701085749,0.306211619876099,0.266240025315955,0.396130084699371,1.2936481145283,race_4
test_sample_25,race_2,test,0.0194112941159976,0.312276894539844,0.492752240229312,0.175559571114847,1.57793371474187,race_3
test_sample_26,race_2,test,0.0123243474320115,0.073800525094706,0.167862802151853,0.746012325321429,4.44417891133836,race_4
test_sample_27,race_2,test,0.0223200373334788,0.206233431152884,0.193451798322368,0.577994733191269,2.80262385181767,race_4
test_sample_28,race_2,test,0.0132784583510289,0.573896930517356,0.409947657863881,0.00287695326773403,1.39992733098603,race_2
test_sample_29,race_2,test,0.4013724955444,0.188054132426611,0.00944569854137684,0.401127673487612,1.0006103344969,race_1
test_sample_30,race_2,test,0.0488686304466863,0.218671228625345,0.154667986674994,0.577792154252974,2.64228704382011,race_4
test_sample_31,race_2,test,0.00957861598343338,0.268851779848149,0.368668374514153,0.352901229654264,1.04467863394904,race_3
test_sample_32,race_2,test,0.177620264266012,0.0751982007852833,0.0122825553744089,0.734898979574296,4.13747261671494,race_4
test_sample_33,race_2,test,0.051058761296628,0.355218410945822,0.143227829958868,0.450494997798682,1.26821973162701,race_4
test_sample_34,race_2,test,0.041167201023732,0.601479485792083,0.326573561128288,0.0307797520558974,1.84178867301448,race_2
test_sample_35,race_2,test,0.10592270424068,0.754375682453718,0.122604915619433,0.0170966976861693,6.15289916103615,race_2
test_sample_36,race_2,test,0.0304549793581972,0.650675366924229,0.308069538934108,0.0108001147834655,2.11210549791942,race_2
test_sample_37,race_2,test,0.0130738474063958,0.406697796513115,0.524857341007153,0.0553710150733362,1.2905340169214,race_3
test_sample_38,race_2,test,0.00250275693349232,0.0575428021470247,0.264374601263611,0.675579839655872,2.55538859038219,race_4
test_sample_39,race_2,test,0.201346146766518,0.251954051196644,0.0331635980096435,0.513536204027195,2.03821372027232,race_4
test_sample_40,race_2,test,0.266575800962304,0.68731565658789,0.0421425020311874,0.00396604041861882,2.57831226280394,race_2
test_sample_41,race_3,test,0.000853494242793493,0.209038172485394,0.713457702223888,0.0766506310479246,3.41304984511257,race_3
test_sample_42,race_3,test,0.000911887446143616,0.315886514387469,0.672987475634776,0.0102141225316119,2.13047232149101,race_3
test_sample_43,race_3,test,0.000243401889204732,0.196139189200905,0.75453405613297,0.0490833527769206,3.84693165709022,race_3
test_sample_44,race_3,test,0.000545888811484231,0.21986644867029,0.731828893581026,0.0477587689372004,3.32851555117658,race_3
test_sample_45,race_3,test,0.000493332654968505,0.223357933108519,0.737381800375747,0.0387669338607662,3.30134591645549,race_3
test_sample_46,race_3,test,4.12087225811603e-05,0.282864809727306,0.71248383108811,0.00461015046200243,2.51881395842408,race_3
test_sample_47,race_3,test,0.000222066380886237,0.260707398021565,0.729893992454985,0.00917654314256461,2.79966735886264,race_3
test_sample_48,race_3,test,0.000374932704535379,0.245239283276237,0.733763149154764,0.0206226348644633,2.99202941450556,race_3
test_sample_49,race_3,test,9.83190989518572e-05,0.22156329597602,0.75420627182796,0.0241321130970679,3.40402171986821,race_3
test_sample_50,race_3,test,0.00136076467733934,0.28792631181132,0.688871686742501,0.021841236768839,2.39252773533918,race_3
test_sample_51,race_3,test,7.6249031300361e-05,0.12309642915309,0.712897329151611,0.163929992663999,4.34879131979717,race_3
test_sample_52,race_3,test,0.000933979574482808,0.288078409256086,0.699163264952469,0.0118243462169629,2.4269894670619,race_3
test_sample_53,race_3,test,0.000209789259070779,0.195880052792414,0.757570164936087,0.0463399930124287,3.86752073085732,race_3
test_sample_54,race_3,test,0.000238814805577542,0.279277635153417,0.711089668168107,0.00939388187289811,2.54617476898026,race_3
test_sample_55,race_3,test,0.000367575731653607,0.187663461922599,0.742916321756898,0.0690526405888494,3.95876913995817,race_3
test_sample_56,race_3,test,0.000231360542649062,0.178635119059492,0.729747792551743,0.0913857278461156,4.08513060810125,race_3
test_sample_57,race_3,test,0.000159916831022662,0.267670903854364,0.723709797953726,0.00845938136088788,2.70372979480611,race_3
test_sample_58,race_3,test,0.000231005901154327,0.234615622057115,0.743590716018979,0.0215626560227511,3.16939984430345,race_3
test_sample_59,race_3,test,0.000272884308831624,0.195640993364929,0.747375919138747,0.0567102031874928,3.8201396664587,race_3
test_sample_60,race_3,test,0.000260896152412254,0.272032151246348,0.715692958371419,0.0120139942298211,2.63091312954144,race_3
test_sample_61,race_4,test,0.0111908532695564,0.076382499082629,0.119552506771141,0.792874140876674,6.63201602618396,race_4
test_sample_62,race_4,test,0.00443699545112712,0.0530372198164806,0.180362629951527,0.762163154780865,4.22572655425183,race_4
test_sample_63,race_4,test,0.0444999473298011,0.0602836627356496,0.0373941824075582,0.857822207526991,14.2297625691497,race_4
test_sample_64,race_4,test,0.0435597670621345,0.0546862094502887,0.037345182930363,0.864408840557214,15.8067061009775,race_4
test_sample_65,race_4,test,0.0148257281106404,0.0517137121737051,0.0818487802358673,0.851611779479787,10.4046972603093,race_4
test_sample_66,race_4,test,0.012551137952072,0.0404699265604014,0.0909803994960761,0.85599853599145,9.40860383920791,race_4
test_sample_67,race_4,test,0.0135008681895295,0.0763362709581056,0.135325913617121,0.774836947235244,5.72571007669306,race_4
test_sample_68,race_4,test,0.0577965382586922,0.0388684764032494,0.0279654783674289,0.87536950697063,15.1457082611514,race_4
test_sample_69,race_4,test,0.011020573380727,0.102573975187222,0.136585204403876,0.749820247028175,5.48976186916259,race_4
test_sample_70,race_4,test,0.0446317355137066,0.0539439164710038,0.0401347358582004,0.861289612157089,15.96639006773,race_4
test_sample_71,race_4,test,0.0368595315089317,0.058615886605872,0.045608022664058,0.858916559221139,14.6533066196954,race_4
test_sample_72,race_4,test,0.00651100519041064,0.0651716227299431,0.153983989742387,0.774333382337259,5.02866163964649,race_4
test_sample_73,race_4,test,0.0203522307233894,0.0625876665179828,0.074944549804719,0.842115552953909,11.2365149320156,race_4
test_sample_74,race_4,test,0.106626424008978,0.0392666036669561,0.0170030004051519,0.837103971918914,7.85081165104469,race_4
test_sample_75,race_4,test,0.0379334806008077,0.0684144654061392,0.0529081633797718,0.840743890613281,12.2889784436997,race_4
test_sample_76,race_4,test,0.00697511638058019,0.0639840915808972,0.142510658906532,0.78653013313199,5.51909688136274,race_4
test_sample_77,race_4,test,0.105012537134224,0.0701646465172497,0.0232942298842314,0.801528586464295,7.63269423192591,race_4
test_sample_78,race_4,test,0.0680154302395614,0.0605742901168756,0.0266096474518836,0.84480063219168,12.4207202573909,race_4
test_sample_79,race_4,test,0.0704498662640262,0.0663632593555514,0.0305872468477434,0.832599627532679,11.818328006647,race_4
test_sample_80,race_4,test,0.00733031987043007,0.0595189252404087,0.147171135423029,0.785979619466133,5.34058269787015,race_4
